50
10
0.47 0.94 0.33 0.20 0.49 0.92 0.24 0.18 0.31 0.55
0.27 0.98 0.10 0.57 0.88 0.86 0.39 0.35 0.76 0.22
10
0.990 0.952 0.817 0.635 0.981 0.827 0.904 0.731 0.894 0.923
0.596 0.529 0.471 0.510 0.346 0.558 0.365 0.538 0.279 0.327
10
0.56 0.49 0.90 0.15 0.99 0.42 0.77 0.32 0.81 0.67
0.96 0.37 0.41 0.60 0.89 0.91 0.52 0.79 0.05 0.01
10
0.02 0.96 0.68 0.26 0.73 0.10 0.54 0.27 0.78 0.72
0.48 0.50 0.98 0.18 0.65 0.64 0.89 0.55 0.22 0.60
10
0.038 0.179 0.698 0.557 0.292 0.745 0.151 0.566 0.217 0.736
0.774 0.057 0.472 0.415 0.679 0.811 0.358 0.896 0.085 0.443
1
0.8
0.5
8
0.96 0.60 0.51 0.42 0.08 0.53 0.55 0.43
0.83 0.91 0.06 0.64 0.28 0.68 0.75 0.04
1
0.8
0.3
10
0.99 0.70 0.30 0.44 0.76 0.35 0.15 0.75 0.78 0.09
0.51 0.77 0.14 0.62 0.03 0.19 0.56 0.54 0.80 0.42
7
0.48 0.38 0.05 0.43 0.10 0.19 0.33
0.81 0.67 0.76 0.62 0.71 0.90 0.52
10
0.874 0.680 0.806 0.670 0.553 0.524 0.864 0.602 0.417 0.699
0.087 0.126 0.243 0.350 0.019 0.029 0.388 0.252 0.379 0.223
10
0.33 0.58 0.67 0.08 0.44 0.81 0.11 0.53 0.64 0.97
0.92 0.50 0.78 0.42 0.47 0.69 0.89 0.83 0.03 0.56
1
0.9
0.2
8
0.10 0.12 0.48 0.03 0.22 0.53 0.08 0.20
0.63 0.70 0.80 0.58 0.93 0.83 0.65 0.73
10
0.98 0.72 0.97 0.40 0.90 0.74 0.65 0.39 0.99 0.49
0.02 0.15 0.27 0.04 0.01 0.28 0.25 0.20 0.21 0.07
10
0.08 0.68 0.74 0.66 0.10 0.22 0.70 0.40 0.30 0.76
0.48 0.62 0.98 0.64 0.46 0.86 0.04 0.12 0.80 0.14
3
0.53 0.94 0.18
0.88 0.24 0.65
10
0.34 0.43 0.45 0.96 0.19 0.06 0.77 0.04 0.83 0.66
0.32 0.38 0.17 0.68 0.87 0.94 0.55 0.51 0.81 0.62
6
0.46 0.08 0.31 0.69 0.15 0.77
0.62 0.23 0.85 0.54 0.38 0.92
5
0.10 0.97 0.47 0.87 0.57
0.93 0.67 0.77 0.20 0.17
10
0.59 0.37 0.72 0.57 0.61 0.42 0.84 0.60 0.48 0.34
0.02 0.51 0.22 0.64 0.80 0.12 0.33 0.24 0.53 0.23
5
0.08 0.46 0.69 0.62 0.31
0.54 0.38 0.15 0.92 0.85
10
0.57 0.04 0.63 0.16 0.27 0.79 0.81 0.66 0.14 0.91
0.01 0.07 0.34 0.37 0.49 0.47 0.97 0.33 0.94 0.09
10
0.31 0.81 0.03 0.14 0.53 0.64 0.06 0.86 0.22 0.83
0.42 0.97 0.08 0.25 0.36 0.58 0.47 0.39 0.94 0.11
10
0.68 0.81 0.76 0.14 0.92 0.97 0.03 0.59 0.84 0.70
0.11 0.43 0.16 0.30 0.08 0.41 0.49 0.35 0.86 0.51
10
0.62 0.68 0.29 0.04 0.30 0.52 0.10 0.11 0.95 0.99
0.39 0.85 0.98 0.48 0.60 0.41 0.72 0.50 0.82 0.13
10
0.97 0.90 0.75 0.51 0.84 0.52 0.79 0.64 0.62 0.72
0.05 0.48 0.11 0.25 0.13 0.08 0.02 0.15 0.07 0.20
8
0.95 0.62 0.86 0.10 0.29 0.38 0.05 0.48
0.43 0.76 0.52 0.33 0.67 0.81 0.19 0.24
6
0.49 0.10 0.02 0.80 0.15 0.32
0.61 0.41 0.88 0.44 0.59 0.24
10
0.64 0.92 0.81 0.47 0.23 0.39 0.89 0.07 0.96 0.53
0.19 0.24 0.60 0.67 0.48 0.16 0.71 0.83 0.93 0.73
10
0.07 0.01 0.63 0.43 0.75 0.55 0.21 0.76 0.29 0.56
0.93 0.96 0.83 0.84 0.44 0.31 0.36 0.27 0.03 0.09
10
0.645 0.692 0.850 0.748 0.664 0.738 0.766 0.925 0.523 0.804
0.421 0.215 0.187 0.505 0.234 0.206 0.262 0.299 0.430 0.495
10
0.37 0.59 0.96 0.81 0.85 0.15 0.74 0.70 0.04 0.22
0.63 0.67 0.44 0.11 0.19 0.30 0.89 0.48 0.33 0.07
1
0.4
0.1
8
0.33 0.10 0.01 0.29 0.23 0.18 0.25 0.15
0.92 0.71 0.34 0.37 0.62 0.89 0.81 0.70
8
0.76 0.66 0.95 0.03 0.61 0.05 0.21 0.26
0.82 0.45 0.74 0.42 0.11 0.97 0.71 0.68
10
0.32 0.55 0.14 0.64 0.73 0.05 0.77 0.86 0.68 0.23
0.50 0.09 0.82 0.18 0.45 0.95 0.41 0.36 0.59 0.91
6
0.67 0.14 0.48 0.24 0.62 0.38
0.05 0.57 0.10 0.76 0.29 0.81
9
0.67 0.47 0.64 0.77 0.22 0.90 0.80 0.24 0.83
0.35 0.31 0.38 0.93 0.68 0.97 0.07 0.98 0.75
8
0.87 0.96 0.52 0.70 0.78 0.22 0.48 0.83
0.43 0.39 0.57 0.30 0.26 0.13 0.61 0.09
10
0.49 0.61 0.93 0.20 0.51 0.66 0.41 0.54 0.27 0.34
0.95 0.12 0.83 0.78 0.05 0.76 0.88 0.44 0.37 0.22
10
0.66 0.83 0.68 0.05 0.15 0.88 0.95 0.24 0.93 0.22
0.10 0.39 0.07 0.29 0.98 0.17 0.76 0.02 0.63 0.20
10
0.133 0.983 0.492 0.942 0.542 0.475 0.558 0.583 0.183 0.308
0.842 0.417 0.708 0.075 0.017 0.108 0.050 0.375 0.817 0.408
2
0.7 0.9
0.3 0.2
10
0.085 0.778 0.932 0.171 0.581 0.043 0.094 0.120 0.068 0.222
0.923 0.470 0.248 0.769 0.889 0.547 0.615 0.966 0.145 0.846
10
0.53 0.94 0.69 0.81 0.64 0.31 0.32 0.89 0.65 0.74
0.35 0.30 0.37 0.55 0.13 0.97 0.36 0.99 0.87 0.52
10
0.98 0.53 0.82 0.92 0.80 0.65 0.71 0.55 0.73 0.88
0.06 0.14 0.24 0.43 0.45 0.10 0.27 0.02 0.31 0.20
9
0.37 0.70 0.33 0.41 0.04 0.89 0.48 0.19 0.07
0.67 0.96 0.52 0.78 0.44 0.59 0.63 0.11 0.26
10
0.48 0.53 0.84 0.13 0.74 0.70 0.92 0.94 0.36 0.55
0.06 0.90 0.72 0.02 0.07 0.62 0.68 0.23 0.99 0.78
7
0.69 0.51 0.47 0.72 0.56 0.96 0.49
0.41 0.32 0.20 0.21 0.15 0.22 0.33
